Step: 1000, Reward: -41.483133271336555
Step: 2000, Reward: 20.7602037191391
Step: 3000, Reward: -105.94681471586227
Step: 4000, Reward: -43.66962321102619
