Step: 1000, Reward: -324.39212258160114
Step: 2000, Reward: -829.0505619868636
Step: 3000, Reward: -241.55960281193256
Step: 4000, Reward: -716.7126000374556
