Step: 1000, Reward: -45.85932555049658
Step: 2000, Reward: -50.82575301080942
