Step: 1000, Reward: -948.5218816995621
Step: 2000, Reward: -804.5946749448776
Step: 3000, Reward: -124.40662842988968
Step: 4000, Reward: -356.92616203427315
