Step: 1000, Reward: 83.59345984458923
Step: 2000, Reward: 24.558619797229767
