Step: 1000, Reward: -276.55069476366043
Step: 2000, Reward: -285.91532921791077
Step: 3000, Reward: -541.3597251176834
Step: 4000, Reward: -470.2314101457596
