Step: 1000, Reward: -276.55069476366043
Step: 2000, Reward: -285.91532921791077
